1028959
1028960
5010107
5010108
5010109
5010110
5010111
1028977
1028984
5010080
5010081
1029003
1028994
1028995
5010124
1029016
1029043
1029044
1029047
5010132
5010026
1029067
1029074
1029078
5010147
1029105
1029103
1029104
5010150
5010151
5010152
1029118
5010158
5010159
5010160
5010161
9101319
5010162
1029139
1029144
1029160
5010184
5010197
1029199
1029187
5010171
5010169
5010172
1029213
1029192
1029209
5010200
5010199
5010231
1029257
1029259
9101322
1029273
1029292
1029163
1029309
1029308
5010187
5010253
5010254
5010262
1029336
5010225
5009909
5010067
1029355
1029356
5010275
1029350
1029388
1029391
5010274
5010294
1029396
9101333
5010298
5010297
5010296
5010295
1029416
1029417
5010317
1029430
1029438
1029439
5010314
1029448
5010330
5010331
1029459
9101340
1029460
1029472
9101335
1029443
1029349
1029485
1029509
5010304
1029520
1029529
1029530
5010354
5010355
5010356
5010357
5010379
1029558
5010350
5010349
1029556
1029560
1029564
1029579
1029580
1029554
1029555
5010391
1029610
5010375
5010399
5010402
1029637
1029638
5010400
9101360
1029665
5010410
5010411
1029684
1029683
5010318
5010436
5010437
5010441
5010440
5010439
1029726
5010445
1029734
1029740
1029739
1029738
1029568
1029569
1029737
5010452
1029764
1029765
1029774
5010464
5010457
1029793
1029821
1029813
5010477
5010508
1029836
1029868
1029867
5010526
5010524
5010525
1029902
5010512
5010541
5010539
5010562
1029932
1029933
1029934
1029935
5010486
5010491
5010577
5010534
1030025
1030002
1029960
1029961
1030049
1030050
1030051
5010609
5010610
1030067
5010598
5010611
1030092
1030093
5010570
1030101
1030099
5010625
1030048
1030047
1030104
5010589
5010634
5010635
5010631
1030116
5010644
5010645
5010646
1030146
1030174
1030167
1030196
1030128
1030192
1030191
5010642
1030213
1029996
1029995
1030219
1029997
5010659
1030247
1030248
5010675
1029860
1029859
1030257
5010690
5010694
5010695
1030273
1029865
1030281
5010709
5010710
5010721
1029885
1029886
1029887
5010714
5010697
5010698
1030305
5010715
5010718
5010716
5010736
5010737
5010738
5010739
5010722
1030338
1030339
1030351
1030318
1030354
5010750
5010758
5010757
5010761
5010753
5010754
5010755
5010756
9101386
9101387
9101388
5010749
5010654
5010655
1030441
1030415
5010792
5010791
5010799
5010800
1030495
1030497
1030062
5010822
5010811
1030524
1030402
1030521
5010837
5010828
1030564
1030511
1030512
9101399
5010857
5010858
1030606
5010871
1030616
5010865
5010864
5010872
5010881
5010879
5010885
1030582
1030583
5010887
1030655
9101405
1030676
1030677
1030688
5010906
5010900
1030703
5010913
1030712
1030621
1030622
1030681
1030682
1030683
1030684
1030685
1030686
5010891
5010893
5010894
1030636
5010919
1030720
1030719
5010892
5010926
5010930
1030757
5010920
5010936
5010937
5010938
5010932
5010950
5010955
5010961
1030812
1030838
5010974
1030855
1030852
5010977
1030863
1030888
1030891
1030835
5010953
5010997
5011011
5011012
5011013
1030927
1030940
5011035
1030953
1030954
5011036
5011037
5011038
1030969
5011048
5011047
5011041
1030986
1030990
1030991
5011054
5011053
5011051
5011057
1031013
5011063
1031034
1031047
1031048
1031055
9101418
5011073
5011078
5011070
1031028
5011091
5011092
1031094
5011112
1031111
1031112
1031129
1031128
1031137
1031138
1031154
5011121
5011123
5011124
5011125
1031163
1031133
5011116
5011128
5011132
5011130
5011131
1031175
5011136
5011142
5011144
1031241
1031242
